Pcp_File_Version=4
    2
    1  0.000000e+000  1.000000e+000  1.000000e+000
    2 -3.000000e+002  1.000000e+000  1.000000e+000
   51    1    1    1 x         h      Mat  Lay      Beta           Axz            Bxz            Dxz          Temp          Conc           SConc
    1 -0.000000e+000  1.000000e-001    1    1  0.000000e+000  1.000000e+000  1.000000e+000  1.000000e+000  2.000000e+001  0.000000e+000
    2 -6.000000e+000  1.000000e-001    1    1  0.000000e+000  1.000000e+000  1.000000e+000  1.000000e+000  2.000000e+001  0.000000e+000
    3 -1.200000e+001  1.000000e-001    1    1  0.000000e+000  1.000000e+000  1.000000e+000  1.000000e+000  2.000000e+001  0.000000e+000
    4 -1.800000e+001  1.000000e-001    1    1  0.000000e+000  1.000000e+000  1.000000e+000  1.000000e+000  2.000000e+001  0.000000e+000
    5 -2.400000e+001  1.000000e-001    1    1  0.000000e+000  1.000000e+000  1.000000e+000  1.000000e+000  2.000000e+001  0.000000e+000
    6 -3.000000e+001  1.000000e-001    1    1  0.000000e+000  1.000000e+000  1.000000e+000  1.000000e+000  2.000000e+001  0.000000e+000
    7 -3.600000e+001  1.000000e-001    1    1  0.000000e+000  1.000000e+000  1.000000e+000  1.000000e+000  2.000000e+001  0.000000e+000
    8 -4.200000e+001  1.000000e-001    1    1  0.000000e+000  1.000000e+000  1.000000e+000  1.000000e+000  2.000000e+001  0.000000e+000
    9 -4.800000e+001  1.000000e-001    1    1  0.000000e+000  1.000000e+000  1.000000e+000  1.000000e+000  2.000000e+001  0.000000e+000
   10 -5.400000e+001  1.000000e-001    1    1  0.000000e+000  1.000000e+000  1.000000e+000  1.000000e+000  2.000000e+001  0.000000e+000
   11 -6.000000e+001  1.000000e-001    1    1  0.000000e+000  1.000000e+000  1.000000e+000  1.000000e+000  2.000000e+001  0.000000e+000
   12 -6.600000e+001  1.000000e-001    1    1  0.000000e+000  1.000000e+000  1.000000e+000  1.000000e+000  2.000000e+001  0.000000e+000
   13 -7.200000e+001  1.000000e-001    1    1  0.000000e+000  1.000000e+000  1.000000e+000  1.000000e+000  2.000000e+001  0.000000e+000
   14 -7.800000e+001  1.000000e-001    1    1  0.000000e+000  1.000000e+000  1.000000e+000  1.000000e+000  2.000000e+001  0.000000e+000
   15 -8.400000e+001  1.000000e-001    1    1  0.000000e+000  1.000000e+000  1.000000e+000  1.000000e+000  2.000000e+001  0.000000e+000
   16 -9.000000e+001  1.000000e-001    1    1  0.000000e+000  1.000000e+000  1.000000e+000  1.000000e+000  2.000000e+001  0.000000e+000
   17 -9.600000e+001  1.000000e-001    1    1  0.000000e+000  1.000000e+000  1.000000e+000  1.000000e+000  2.000000e+001  0.000000e+000
   18 -1.020000e+002  1.000000e-001    1    1  0.000000e+000  1.000000e+000  1.000000e+000  1.000000e+000  2.000000e+001  0.000000e+000
   19 -1.080000e+002  1.000000e-001    1    1  0.000000e+000  1.000000e+000  1.000000e+000  1.000000e+000  2.000000e+001  0.000000e+000
   20 -1.140000e+002  1.000000e-001    1    1  0.000000e+000  1.000000e+000  1.000000e+000  1.000000e+000  2.000000e+001  0.000000e+000
   21 -1.200000e+002  1.000000e-001    1    1  0.000000e+000  1.000000e+000  1.000000e+000  1.000000e+000  2.000000e+001  0.000000e+000
   22 -1.260000e+002  1.000000e-001    1    1  0.000000e+000  1.000000e+000  1.000000e+000  1.000000e+000  2.000000e+001  0.000000e+000
   23 -1.320000e+002  1.000000e-001    1    1  0.000000e+000  1.000000e+000  1.000000e+000  1.000000e+000  2.000000e+001  0.000000e+000
   24 -1.380000e+002  1.000000e-001    1    1  0.000000e+000  1.000000e+000  1.000000e+000  1.000000e+000  2.000000e+001  0.000000e+000
   25 -1.440000e+002  1.000000e-001    1    1  0.000000e+000  1.000000e+000  1.000000e+000  1.000000e+000  2.000000e+001  0.000000e+000
   26 -1.500000e+002  1.000000e-001    1    1  0.000000e+000  1.000000e+000  1.000000e+000  1.000000e+000  2.000000e+001  0.000000e+000
   27 -1.560000e+002  1.000000e-001    1    1  0.000000e+000  1.000000e+000  1.000000e+000  1.000000e+000  2.000000e+001  0.000000e+000
   28 -1.620000e+002  1.000000e-001    1    1  0.000000e+000  1.000000e+000  1.000000e+000  1.000000e+000  2.000000e+001  0.000000e+000
   29 -1.680000e+002  1.000000e-001    1    1  0.000000e+000  1.000000e+000  1.000000e+000  1.000000e+000  2.000000e+001  0.000000e+000
   30 -1.740000e+002  1.000000e-001    1    1  0.000000e+000  1.000000e+000  1.000000e+000  1.000000e+000  2.000000e+001  0.000000e+000
   31 -1.800000e+002  1.000000e-001    1    1  0.000000e+000  1.000000e+000  1.000000e+000  1.000000e+000  2.000000e+001  0.000000e+000
   32 -1.860000e+002  1.000000e-001    1    1  0.000000e+000  1.000000e+000  1.000000e+000  1.000000e+000  2.000000e+001  0.000000e+000
   33 -1.920000e+002  1.000000e-001    1    1  0.000000e+000  1.000000e+000  1.000000e+000  1.000000e+000  2.000000e+001  0.000000e+000
   34 -1.980000e+002  1.000000e-001    1    1  0.000000e+000  1.000000e+000  1.000000e+000  1.000000e+000  2.000000e+001  0.000000e+000
   35 -2.040000e+002  1.000000e-001    1    1  0.000000e+000  1.000000e+000  1.000000e+000  1.000000e+000  2.000000e+001  0.000000e+000
   36 -2.100000e+002  1.000000e-001    1    1  0.000000e+000  1.000000e+000  1.000000e+000  1.000000e+000  2.000000e+001  0.000000e+000
   37 -2.160000e+002  1.000000e-001    1    1  0.000000e+000  1.000000e+000  1.000000e+000  1.000000e+000  2.000000e+001  0.000000e+000
   38 -2.220000e+002  1.000000e-001    1    1  0.000000e+000  1.000000e+000  1.000000e+000  1.000000e+000  2.000000e+001  0.000000e+000
   39 -2.280000e+002  1.000000e-001    1    1  0.000000e+000  1.000000e+000  1.000000e+000  1.000000e+000  2.000000e+001  0.000000e+000
   40 -2.340000e+002  1.000000e-001    1    1  0.000000e+000  1.000000e+000  1.000000e+000  1.000000e+000  2.000000e+001  0.000000e+000
   41 -2.400000e+002  1.000000e-001    1    1  0.000000e+000  1.000000e+000  1.000000e+000  1.000000e+000  2.000000e+001  0.000000e+000
   42 -2.460000e+002  1.000000e-001    1    1  0.000000e+000  1.000000e+000  1.000000e+000  1.000000e+000  2.000000e+001  0.000000e+000
   43 -2.520000e+002  1.000000e-001    1    1  0.000000e+000  1.000000e+000  1.000000e+000  1.000000e+000  2.000000e+001  0.000000e+000
   44 -2.580000e+002  1.000000e-001    1    1  0.000000e+000  1.000000e+000  1.000000e+000  1.000000e+000  2.000000e+001  0.000000e+000
   45 -2.640000e+002  1.000000e-001    1    1  0.000000e+000  1.000000e+000  1.000000e+000  1.000000e+000  2.000000e+001  0.000000e+000
   46 -2.700000e+002  1.000000e-001    1    1  0.000000e+000  1.000000e+000  1.000000e+000  1.000000e+000  2.000000e+001  0.000000e+000
   47 -2.760000e+002  1.000000e-001    1    1  0.000000e+000  1.000000e+000  1.000000e+000  1.000000e+000  2.000000e+001  0.000000e+000
   48 -2.820000e+002  1.000000e-001    1    1  0.000000e+000  1.000000e+000  1.000000e+000  1.000000e+000  2.000000e+001  0.000000e+000
   49 -2.880000e+002  1.000000e-001    1    1  0.000000e+000  1.000000e+000  1.000000e+000  1.000000e+000  2.000000e+001  0.000000e+000
   50 -2.940000e+002  1.000000e-001    1    1  0.000000e+000  1.000000e+000  1.000000e+000  1.000000e+000  2.000000e+001  0.000000e+000
   51 -3.000000e+002  1.000000e-001    1    1  0.000000e+000  1.000000e+000  1.000000e+000  1.000000e+000  2.000000e+001  0.000000e+000
0
